1, 477.41, 441.25, 1649.38, 27.875
1, 494.163, 451, 1710.75, 35.875
1, 511.785, 472.25, 1667.75, 30.125
1, 529.879, 498.375, 1693.25, 28.125
1, 556.467, 524.125, 1754.13, 39.625
1, 569.963, 522.75, 1884.25, 36.125
1, 612.936, 545.625, 1898.75, 54.5
1, 652.443, 565.375, 1912.88, 62
1, 676.581, 578.375, 1944.12, 59.625
1, 675.011, 586.375, 1941.75, 62.25
1, 663.877, 595.125, 1962.5, 48.875
1, 656.453, 588.125, 1936.38, 43.625
1, 661.635, 596, 1917.75, 46.375
1, 666.019, 602.25, 1949.75, 48
1, 670.174, 611.25, 1984, 36.125
1, 675.604, 620.625, 1945.62, 41.25
2, 411.696, 375.75, 1510.62, 36.75
2, 414.422, 384.125, 1499.5, 25.5
2, 415.044, 380.625, 1504.25, 24.375
2, 416.57, 385, 1496.38, 36.375
2, 421.323, 383.25, 1572.38, 21
2, 419.832, 377.5, 1576.63, 31.75
2, 459.624, 411.375, 1695.5, 42.875
2, 531.453, 493, 1901, 41.875
2, 554.456, 496.125, 1871.25, 53.5
2, 544.367, 486, 1838.75, 50.25
2, 531.661, 487.375, 1775.5, 42.625
2, 525.061, 484.375, 1786.38, 48.375
2, 527.296, 488, 1854.5, 52.625
2, 528.767, 489.75, 1760.75, 50.375
2, 527.275, 489.375, 1740.13, 27.125
2, 530.002, 492, 1802.63, 46.5
3, 454.329, 494, 1621.25, 50.625
3, 454.764, 494.75, 1574.75, 53
3, 454.825, 499.25, 1579.5, 48.5
3, 453.3, 498.5, 1556.5, 42.5
3, 451.948, 466.875, 1645.5, 48.625
3, 454.939, 467.125, 1640.88, 40.625
3, 454.881, 440.5, 1703.13, 47.5
3, 458.76, 446.625, 1702.88, 44.375
3, 453.891, 423.125, 1931.88, 42.625
3, 454.443, 440.875, 1865.5, 34.25
3, 442.698, 440.75, 1907.75, 47.375
3, 442.627, 426.75, 1889.38, 45.875
3, 432.633, 392, 1874.25, 40.625
3, 408.206, 393.25, 1486.75, 35.25
3, 414.381, 388.5, 1797.38, 43.75
3, 430.945, 388.25, 1989.25, 40.75
4, 442.884, 382.375, 1487.75, 50.125
4, 441.947, 383.25, 1471.63, 44.75
4, 441.056, 381, 1531, 53.5
4, 441.045, 378.125, 1526.12, 55.5
4, 436.725, 380, 1454, 50.375
4, 448.992, 381.125, 1696.88, 59.375
4, 516.072, 439.625, 1779.5, 80.25
4, 549.351, 472.625, 1808.63, 78.375
4, 494.39, 389.875, 1606.88, 54.25
4, 486.191, 403.25, 1610.13, 67.375
4, 489.294, 402.125, 1640.88, 56
4, 485.165, 406.875, 1648.5, 73.125
4, 476.833, 413.875, 1635.88, 70.25
4, 477.337, 419.125, 1610.5, 71.375
4, 479.976, 420.375, 1665.75, 75.5
4, 480.801, 422.75, 1643.38, 79
5, 440.325, 417.875, 1482.75, 43
5, 442.601, 421.5, 1469.5, 42
5, 442.698, 416.5, 1461.12, 44
5, 439.34, 413, 1491.63, 41.75
5, 424.224, 403.5, 1533.25, 43.375
5, 452.332, 443.25, 1743.75, 48
5, 503.042, 440.875, 1774.25, 43.375
5, 541.212, 425.375, 1964.75, 52.75
5, 615.941, 536.25, 1979.63, 55.875
5, 631.482, 545.875, 1997.75, 42.625
5, 636.272, 551.375, 1939, 65.125
5, 638.603, 559.75, 1923.25, 57
5, 642.177, 565.625, 1918.38, 66
5, 639.06, 564, 1916.13, 66.5
5, 638.44, 565.375, 1936.38, 57.375
5, 641.433, 560.5, 1979.13, 63.875
6, 369.048, 340.25, 1187.5, 30.875
6, 369.171, 335.875, 1182.13, 32.75
6, 372.184, 328.875, 1213, 42.5
6, 375.04, 347.125, 1207.88, 28.375
6, 372.363, 301, 1264.75, 35.625
6, 441.754, 478.375, 1426.25, 46.125
6, 559.565, 627, 1734.75, 39.25
6, 623.841, 706.5, 1980.38, 50
6, 606.895, 627.25, 1930, 50
6, 602.807, 623.25, 1927.63, 38
6, 609.234, 628.5, 1927, 51.375
6, 602.576, 626.125, 1937.5, 48.125
6, 608.621, 633.875, 1918, 49.75
6, 613.482, 638.625, 1942.13, 54.75
6, 617.429, 640.125, 1987.5, 47.5
6, 619.69, 642, 2014.5, 49.25
7, 336.822, 345.375, 1171.25, 29.625
7, 339.84, 356.625, 1085, 22.75
7, 339.742, 358.25, 1128.62, 19.875
7, 343.456, 364.5, 1097.25, 24
7, 392.18, 424, 1211.25, 32
7, 411.176, 446.375, 1375.25, 40.625
7, 411.785, 425.5, 1533.13, 22.75
7, 387.464, 348.25, 1563.5, 21.875
7, 379.599, 349.5, 1551.25, 40.625
7, 377.116, 350, 1638.88, 33.875
7, 403.35, 377.75, 1738.38, 36
7, 421.025, 397.5, 1671, 38.125
7, 431.283, 414, 1641.25, 42.75
7, 431.387, 413.5, 1651.25, 31.5
7, 428.965, 408.625, 1612.13, 40
7, 430.307, 414, 1705.13, 38.75
8, 354.714, 385, 1462.62, 21.25
8, 320.233, 276.625, 1514.75, 22.5
8, 316.013, 291.125, 1412.63, 34
8, 319.629, 302.5, 1458.63, 38.25
9, 581.713, 511.625, 1872.5, 49.625
9, 582.232, 516, 1904.38, 51.875
9, 579.281, 515.375, 1910.5, 54.75
9, 580.423, 514, 1893.88, 45.25
9, 562.454, 442.125, 1820.13, 57
9, 575.213, 499.625, 1891, 56
9, 605.306, 526, 1954.63, 53.5
9, 612.416, 533.375, 2004.88, 50.875
9, 598.191, 525.375, 1982.12, 59
9, 599.157, 523.375, 1989, 57.75
9, 593.945, 522, 2021.63, 45.625
9, 603.801, 533, 2018.88, 58.5
9, 588.392, 481, 1948.75, 48
9, 597.903, 518.75, 2003.5, 51.375
9, 597.571, 524.375, 2002.38, 39.875
9, 589.857, 527.125, 2021.38, 46.75
10, 494.013, 468.375, 1706.38, 40.75
10, 495.546, 468.875, 1692.88, 47.25
10, 496.057, 468, 1708.13, 48.75
10, 497.162, 471.125, 1641.75, 45.125
10, 463.154, 401.375, 1653, 48.125
10, 485.15, 442.5, 1538, 38.625
10, 551.344, 530.875, 1612.38, 44.25
10, 564.795, 554.25, 1675.88, 48
10, 523.44, 500.25, 1469.38, 43.125
10, 524.548, 504.875, 1505.5, 51.625
10, 513.271, 497.75, 1725.5, 43.25
10, 509.94, 496.875, 1849.25, 44.5
10, 515.005, 501.5, 1742.5, 43.25
10, 515.491, 506.5, 1650.88, 44.25
10, 518.645, 506.625, 1619.88, 52.125
10, 517.718, 509, 1582.63, 42.5
11, 539.457, 575.125, 1579.38, 26.875
11, 540.382, 577.5, 1567.5, 23.75
11, 541.219, 580.125, 1553.5, 15
11, 539.227, 577.375, 1559, 19.375
11, 541.876, 579, 1599.75, 15.625
11, 546.964, 579.75, 1574.75, 25.25
11, 559.729, 591.75, 1563.13, 41.875
11, 580.573, 603.875, 1704.12, 28.375
11, 604.902, 607.75, 2029, 28.25
11, 606.478, 606.5, 1979.88, 45.125
11, 619.384, 632.75, 1967, 45.375
11, 597.692, 611.375, 1880.63, 50.75
11, 536.115, 511.75, 1900.75, 34.875
11, 549.691, 538.75, 1910.12, 18.25
11, 563.185, 561.375, 1936.13, 35.625
11, 562.83, 560.875, 1973.25, 28.375
12, 630.448, 649.5, 1600.75, 62.625
12, 631.085, 650.125, 1595.25, 45.25
12, 632.704, 651.5, 1604.88, 76.375
12, 632.124, 652.5, 1621.13, 67.875
12, 636.319, 655.75, 1662, 67.75
12, 640.301, 655.875, 1691.13, 63.25
12, 654.533, 659.875, 1781.63, 64.125
12, 690.394, 679, 1847.38, 85.25
12, 755.515, 731, 1931, 66.25
12, 760.878, 728.875, 1933, 67.75
12, 751.547, 722, 1922.88, 48.5
12, 731.894, 699.125, 1896.88, 70.875
12, 714.46, 682.375, 1894.5, 42.125
12, 717.511, 681, 1881.13, 44.625
12, 720.098, 681, 1882.13, 61.25
12, 715.383, 678.375, 1887.13, 76.375
